#' Built-in palettes
#'
#' A named list of palettes. Each palette is a character vector of hex colors.
#'
#' 
#' @format A named list of character vectors.
#' @export
palettes <- list(
  "e_scolopes" = c("#8B3C15", "#EF7138", "#F4DD34", "#07BFA4", "#5CBEE0", "#244E96"),
  "e_berryi" = c("#3F5996", "#EA9A34", "#BF525F", "#7D9AEF", "#56D387", "#26E2FF"),
  "ostracod" = c("#01CEFF", "#00A1F4", "#005DB1", "#F07F39", "#C44D2F"),
  "gpo" = c("#930700", "#F53B09", "#F47730", "#FFB230", "#FFE1AC"),
  "lillies" = c("#6CA7A6", "#978291", "#458469", "#91A6CB", "#7D9957"),
  "palazzo" = c("#F0C684", "#D9A8B9", "#BEBFA0", "#A7C3D9", "#8198AC"),
  "wheatfield" = c("#4B7638", "#B6A34B", "#528F8B", "#7C5D17", "#30557E"),
  "rosysunset" = c("#2CB799", "#B75478", "#64A6B7", "#875DB8", "#B73D2B"),
  "miami" = c("#FF9F5C", "#F07095", "#14B8D6", "#2FD6A6", "#DADBD6"),
  "santa_barbara" = c("#D6714F", "#DABF9B", "#96A854", "#005B82", "#F5F0EC")
)